16
1 4 6 4 1 1 8 8 1 1 3 2 8 2 5 8
0 2 5 4 3 1 2 4 1 7 0 10 3 7 7 7
10 5 7 5 6 9 10 4 0 6 3 2 2 7 8 0
7 3 0 6 7 9 0 3 0 0 5 0 6 6 6 2
6 9 1 9 6 0 3 4 3 8 3 2 6 7 0 7
2 2 5 9 5 0 2 9 8 1 1 7 10 1 7 10
9 0 3 1 0 8 6 4 5 5 6 2 0 5 10 7
4 7 1 10 8 8 4 8 8 6 0 7 9 2 2 9
8 8 5 5 6 10 5 6 7 3 0 2 2 8 6 5
10 6 4 9 5 1 5 8 1 7 3 4 8 7 9 10
8 8 5 1 10 5 3 10 6 9 4 0 4 5 0 3
3 10 6 6 10 10 3 0 2 4 9 7 6 6 0 1
3 2 5 7 2 6 2 1 7 5 6 8 3 8 7 0
6 2 6 3 6 9 3 10 4 9 5 9 4 4 0 1
1 10 2 1 6 0 4 1 6 6 6 4 10 2 8 8
7 3 10 2 2 2 8 0 4 3 0 8 10 6 7 10
